Starting process 0/p
Starting process 1/p
Starting process 2/p
 ----distance---- 
0 0.234307 0.21587 0.367696 0.34176 0.235372 
0.234307 0 0.143178 0.194165 0.143178 0.243516 
0.21587 0.143178 0 0.158114 0.284605 0.10198 
0.367696 0.194165 0.158114 0 0.284253 0.219545 
0.34176 0.143178 0.284605 0.284253 0 0.386005 
0.235372 0.243516 0.10198 0.219545 0.386005 0 
 ----points 2---- 
5, 2 (0.10198)
0.4 0.22 0.35 0.26 0.08 0.45 
0.53 0.38 0.32 0.19 0.41 0.3 
 ----points 2---- 
0.4 0.22 0.26 0.08 0.4 
0.53 0.38 0.19 0.41 0.31 
 ----clusters---- 
< 1 > < 2 > < 3 > < 4 > < 5 > < 6 > 
2
adding from 2 to 5
< 1 > < 2 > < 4 > < 5 > < 6 3 > 
 ----updates---- 
new point count: 5
 ----distance---- 
0 0.234307 0.367696 0.34176 0.22 
0.234307 0 0.194165 0.143178 0.193132 
0.367696 0.194165 0 0.284253 0.184391 
0.34176 0.143178 0.284253 0 0.335261 
0.22 0.193132 0.184391 0.335261 0 
 ----points 2---- 
3, 1 (0.143178)
0.4 0.22 0.26 0.08 0.4 
0.53 0.38 0.19 0.41 0.31 
 ----points 2---- 
0.4 0.26 0.15 0.4 
0.53 0.19 0.395 0.31 
 ----clusters---- 
< 1 > < 2 > < 4 > < 5 > < 6 3 > 
1
adding from 1 to 3
< 1 > < 4 > < 5 2 > < 6 3 > 
 ----updates---- 
new point count: 4
 ----distance---- 
0 0.367696 0.284121 0.22 
0.367696 0 0.232648 0.184391 
0.284121 0.232648 0 0.264055 
0.22 0.184391 0.264055 0 
 ----points 2---- 
3, 1 (0.184391)
0.4 0.26 0.15 0.4 
0.53 0.19 0.395 0.31 
 ----points 2---- 
0.4 0.15 0.33 
0.53 0.395 0.25 
 ----clusters---- 
< 1 > < 4 > < 5 2 > < 6 3 > 
3
adding from 1 to 3
< 1 > < 5 2 > < 6 3 4 > 
 ----updates---- 
new point count: 3
 ----distance---- 
0 0.284121 0.288617 
0.284121 0 0.231138 
0.288617 0.231138 0 
 ----points 2---- 
2, 1 (0.231138)
0.4 0.15 0.33 
0.53 0.395 0.25 
 ----points 2---- 
0.4 0.24 
0.53 0.3225 
 ----clusters---- 
< 1 > < 5 2 > < 6 3 4 > 
4
1
adding from 1 to 2
< 1 > < 6 3 4 5 2 > 
 ----updates---- 
new point count: 2
Ending process 1/p
Ending process 2/p
Ending process 0/p
